0 0.5039 0.7930 0.2188 0.0381 
1 0.9648 0.6030 0.0469 0.0215 
1 0.8281 0.2603 0.1328 0.0234 
1 0.5820 0.2915 0.0938 0.0117 
1 0.9258 0.8306 0.1250 0.0234 
1 0.9609 0.7363 0.0703 0.0146 
1 0.6523 0.4844 0.0938 0.0205 
1 0.1406 0.3418 0.1172 0.0166 
1 0.7148 0.3804 0.0625 0.0117 
1 0.3398 0.6587 0.0625 0.0117 
1 0.2969 0.6777 0.0859 0.0107 
1 0.5547 0.6821 0.0703 0.0078 
1 0.6055 0.6187 0.0469 0.0078 
1 0.2734 0.5742 0.0859 0.0088 
1 0.3555 0.5234 0.0781 0.0127 
1 0.6484 0.5259 0.0703 0.0098 
1 0.8438 0.4028 0.1016 0.0098 
1 0.3359 0.3403 0.1016 0.0117 
1 0.4531 0.3110 0.1328 0.0098 
1 0.6953 0.2759 0.0859 0.0078 
1 0.3867 0.2456 0.0781 0.0098 
1 0.7109 0.2866 0.0547 0.0059 
3 0.1562 0.6460 0.1328 0.0703 
