1 0.1094 0.4785 0.1016 0.0186 
1 0.5039 0.3916 0.1562 0.0146 
1 0.6367 0.2881 0.0781 0.0127 
1 0.7188 0.3003 0.0703 0.0156 
1 0.2461 0.4541 0.0781 0.0127 
1 0.6328 0.4790 0.1016 0.0137 
1 0.6094 0.3643 0.0859 0.0146 
1 0.7891 0.3560 0.0859 0.0098 
1 0.7188 0.4048 0.0859 0.0137 
1 0.4688 0.3384 0.0703 0.0098 
1 0.0312 0.2876 0.0547 0.0098 
1 0.0547 0.3511 0.0547 0.0137 
1 0.0547 0.4204 0.0547 0.0098 
1 0.1016 0.4360 0.0703 0.0117 
1 0.5156 0.5537 0.0547 0.0107 
1 0.8125 0.6646 0.0703 0.0176 
1 0.4766 0.6543 0.0703 0.0107 
1 0.7227 0.6235 0.0781 0.0137 
2 0.5430 0.4351 0.2188 0.0391 
