0 0.4141 0.7720 0.1953 0.0508 
1 0.3750 0.7007 0.2109 0.0430 
1 0.3164 0.6401 0.1562 0.0234 
1 0.8242 0.5864 0.0781 0.0176 
1 0.9219 0.5410 0.0859 0.0127 
1 0.9414 0.4775 0.0781 0.0127 
1 0.8828 0.3672 0.0859 0.0166 
1 0.2695 0.2661 0.1094 0.0156 
1 0.0820 0.2793 0.0781 0.0146 
1 0.6094 0.3989 0.0703 0.0156 
1 0.4023 0.3955 0.0781 0.0107 
1 0.6055 0.4946 0.0625 0.0117 
1 0.1914 0.6611 0.0938 0.0107 
1 0.8281 0.8071 0.0859 0.0176 
1 0.1562 0.5234 0.0703 0.0107 
1 0.9336 0.5000 0.0625 0.0088 
1 0.5547 0.1680 0.1016 0.0146 
1 0.7461 0.2876 0.0625 0.0098 
1 0.9102 0.4478 0.0625 0.0117 
1 0.4922 0.6216 0.0547 0.0078 
1 0.7422 0.2012 0.0859 0.0127 
1 0.7422 0.5884 0.0703 0.0137 
1 0.1328 0.4409 0.1172 0.0137 
1 0.5664 0.7485 0.0625 0.0098 
1 0.9727 0.6953 0.0469 0.0146 
2 0.1094 0.7915 0.1016 0.0176 
