0 0.4297 0.7646 0.2109 0.0322 
1 0.3047 0.7383 0.1641 0.0225 
1 0.4023 0.5825 0.0938 0.0137 
1 0.7266 0.2139 0.1797 0.0283 
1 0.1641 0.3359 0.1016 0.0166 
1 0.0703 0.8057 0.1172 0.0400 
1 0.6562 0.7427 0.0859 0.0215 
1 0.6484 0.4697 0.0859 0.0146 
1 0.3945 0.4858 0.1094 0.0117 
1 0.7031 0.2822 0.0703 0.0166 
1 0.1602 0.2397 0.0625 0.0137 
1 0.5820 0.2344 0.0625 0.0107 
1 0.9219 0.4009 0.0859 0.0117 
1 0.0898 0.4761 0.0938 0.0137 
1 0.1016 0.5317 0.0859 0.0156 
1 0.9414 0.7954 0.0938 0.0176 
1 0.1445 0.4321 0.0625 0.0098 
