1 0.6445 0.4888 0.3125 0.0391 
1 0.1680 0.3267 0.2188 0.0254 
1 0.6523 0.6064 0.1719 0.0342 
1 0.2930 0.5610 0.1094 0.0215 
1 0.1133 0.4590 0.1562 0.0303 
1 0.8750 0.4409 0.0859 0.0234 
1 0.1328 0.5532 0.0703 0.0156 
1 0.1367 0.6304 0.0469 0.0098 
1 0.2734 0.6440 0.1016 0.0176 
1 0.8359 0.5869 0.0703 0.0146 
1 0.8398 0.5361 0.0625 0.0107 
1 0.9492 0.4814 0.0625 0.0107 
1 0.0820 0.5073 0.0625 0.0117 
1 0.4258 0.3442 0.0781 0.0137 
1 0.7891 0.7832 0.1172 0.0146 
1 0.6055 0.3091 0.0938 0.0117 
2 0.1406 0.2959 0.2734 0.0381 
2 0.1094 0.3979 0.1797 0.0410 
