0 0.6523 0.6606 0.2188 0.0215 
1 0.0664 0.4067 0.1250 0.0156 
1 0.1523 0.3735 0.0781 0.0098 
1 0.2266 0.3682 0.0859 0.0107 
1 0.5508 0.3623 0.0625 0.0068 
1 0.7852 0.3589 0.0781 0.0117 
1 0.6836 0.3975 0.1562 0.0127 
1 0.7734 0.4780 0.0859 0.0117 
1 0.2969 0.5195 0.0859 0.0107 
1 0.2031 0.5308 0.0547 0.0078 
1 0.4883 0.5166 0.0625 0.0049 
1 0.3789 0.5425 0.0781 0.0078 
1 0.3906 0.5991 0.0547 0.0117 
1 0.3086 0.6226 0.0469 0.0098 
1 0.1133 0.6450 0.0781 0.0098 
1 0.5977 0.5801 0.0469 0.0068 
1 0.4688 0.3779 0.0547 0.0068 
1 0.6719 0.6118 0.0859 0.0098 
