0 0.4375 0.6416 0.2109 0.0264 
1 0.3477 0.4165 0.1094 0.0176 
1 0.1289 0.3555 0.0938 0.0186 
1 0.1758 0.3491 0.1250 0.0137 
1 0.7930 0.3345 0.1875 0.0273 
1 0.6289 0.3921 0.0625 0.0078 
1 0.9531 0.4468 0.0703 0.0098 
1 0.4219 0.5796 0.0859 0.0117 
1 0.2539 0.5522 0.1094 0.0059 
1 0.1016 0.5713 0.1172 0.0166 
1 0.6367 0.6187 0.1250 0.0156 
1 0.4414 0.6030 0.1250 0.0117 
1 0.3555 0.6113 0.0938 0.0088 
1 0.2070 0.5967 0.1719 0.0107 
1 0.6055 0.6704 0.1406 0.0156 
1 0.6758 0.6582 0.0938 0.0107 
1 0.6172 0.5176 0.0703 0.0088 
