0 0.6172 0.3608 0.1797 0.0273 
1 0.7461 0.4165 0.1406 0.0156 
1 0.9023 0.3662 0.1719 0.0244 
1 0.2852 0.3940 0.0625 0.0117 
1 0.3594 0.4790 0.0703 0.0098 
1 0.2969 0.4702 0.0547 0.0059 
1 0.1875 0.4834 0.0547 0.0088 
1 0.1953 0.5044 0.0703 0.0098 
1 0.1172 0.5322 0.0859 0.0088 
1 0.7070 0.5278 0.0781 0.0098 
1 0.6133 0.5566 0.2188 0.0244 
1 0.6055 0.5874 0.1250 0.0215 
1 0.3672 0.5640 0.0859 0.0098 
1 0.3086 0.5928 0.0938 0.0088 
1 0.1797 0.5928 0.1016 0.0068 
1 0.4375 0.3467 0.0547 0.0088 
1 0.3320 0.3892 0.0625 0.0098 
1 0.9062 0.6401 0.0703 0.0117 
3 0.6055 0.6284 0.2656 0.0605 
